1.0  7.155976057396562E-4  -0.0015180829471722272  4.363748631251909E-4  -5.980425312354984E-4  -0.0014663742501608412  0.0016475061561882637  0.002109352214506342  2.379691446360831E-4  -0.001739429278290683  -0.001546728371492415  5.512906027625354E-4  -0.0014133934347580301  -9.740671115717708E-4  3.7634120162061114E-4  -3.1637684059938485E-4  0.0010403151737508405  3.548950747062315E-4  3.3239428693542035E-5  -5.8574291834122716E-5  
7.155976057396562E-4  1.0  -0.001229929441563885  -0.0014837068276183963  -1.763831279762097E-4  4.1398468635113017E-4  -1.3389250508221738E-4  -0.0012449050022269815  4.973988657478142E-6  0.002436115170645442  -1.4983942621007824E-4  0.001447567531814867  -0.0015507668494228418  -0.001125162375327586  -0.001111822649160471  -3.145230449907345E-4  0.0010317193223631203  0.0010527122541931588  -1.866589270494721E-4  -5.1716975250410266E-5  
-0.0015180829471722272  -0.001229929441563885  1.0  5.508498603650565E-4  -0.001106569932239204  5.249812013264356E-4  -0.0012511979743680104  -0.0015510362653118248  2.6985532588198624E-5  -2.5328368509596443E-5  7.283976249227985E-4  -0.0014739581277334413  -2.445380968561904E-5  2.6360936529520217E-4  0.00129537423732588  9.445385151427322E-4  0.002151615609826777  0.0012368038056456059  -5.582222708917976E-4  -5.198056355146989E-4  
4.363748631251909E-4  -0.0014837068276183963  5.508498603650565E-4  1.0  -1.4282746051702005E-4  9.910035074748582E-4  0.001190433174421309  6.835233505299833E-4  -1.3845931920868695E-4  1.1645153698716941E-4  4.214088900146615E-4  7.907161797738784E-5  5.271808227595102E-4  -5.032705922296697E-4  4.9014549162911145E-5  8.134667399239269E-4  -4.568697549520035E-4  -9.606764180281186E-4  -4.8122386136199597E-4  9.268812248028445E-5  
-5.980425312354984E-4  -1.763831279762097E-4  -0.001106569932239204  -1.4282746051702005E-4  1.0  0.0013319860272653894  -2.1591908148861156E-4  4.368064910519206E-4  4.2244767149364373E-4  -0.0011017219130586937  -0.0011229890789285493  5.905477445603124E-4  -0.0015884226340579415  8.238386863343116E-6  -0.0012320301082109186  1.9850469024368665E-4  6.667329726984292E-4  0.0019038269859966465  7.318499930691914E-4  7.341680916016493E-4  
-0.0014663742501608412  4.1398468635113017E-4  5.249812013264356E-4  9.910035074748582E-4  0.0013319860272653894  1.0  7.445860703264707E-4  -1.4818784802379174E-4  0.0014047896377527142  -9.400784916062907E-4  0.001732294443605009  9.83731732748146E-4  -8.592010015907395E-4  -0.0020741158388199545  0.0016458129418799525  -0.0011927448183119427  4.12915530485276E-4  3.996050310813153E-4  1.2102616096499015E-4  -2.1200441750099033E-4  
0.0016475061561882637  -1.3389250508221738E-4  -0.0012511979743680104  0.001190433174421309  -2.1591908148861156E-4  7.445860703264707E-4  1.0  1.2485951589369176E-4  0.0011918401981328409  -1.4528161624144959E-4  -0.001286252996347001  -5.330109883226124E-4  4.4422072669011086E-4  -0.0010483978897164177  3.500427621361117E-4  9.871025515522148E-4  3.615237726330882E-6  -9.009730340011209E-4  2.428009374392154E-4  -5.12207570346761E-4  
0.002109352214506342  -0.0012449050022269815  -0.0015510362653118248  6.835233505299833E-4  4.368064910519206E-4  -1.4818784802379174E-4  1.2485951589369176E-4  1.0  -1.2803684305274263E-4  -6.435686545647708E-4  -0.0010930239947114428  -3.9397647546544895E-4  -0.0012081854249899496  0.0012159949826045027  -4.319109124455448E-4  -6.078103017254549E-4  0.0010173614543616458  3.3794834794965924E-4  -0.001932896397107389  0.0012033293757071758  
2.379691446360831E-4  4.973988657478142E-6  2.6985532588198624E-5  -1.3845931920868695E-4  4.2244767149364373E-4  0.0014047896377527142  0.0011918401981328409  -1.2803684305274263E-4  1.0  5.91415508459948E-4  2.477767946728956E-4  4.451971458331834E-4  1.5103601179757895E-4  6.671547926410626E-4  4.965386237969044E-4  1.5065988435600676E-4  1.09953040113319E-4  0.0010097439450069625  -0.0027177508720777114  -0.0012016538550382863  
-0.001739429278290683  0.002436115170645442  -2.5328368509596443E-5  1.1645153698716941E-4  -0.0011017219130586937  -9.400784916062907E-4  -1.4528161624144959E-4  -6.435686545647708E-4  5.91415508459948E-4  1.0  -0.0010811974464435311  -0.0012356870249193841  -4.7777432634226396E-4  1.7793392349858454E-4  0.0017755193346782653  0.0015204615810165093  7.752456097703094E-4  1.3373933899784072E-4  -0.0010996511621501517  -1.3105369670456744E-4  
-0.001546728371492415  -1.4983942621007824E-4  7.283976249227985E-4  4.214088900146615E-4  -0.0011229890789285493  0.001732294443605009  -0.001286252996347001  -0.0010930239947114428  2.477767946728956E-4  -0.0010811974464435311  1.0  -2.2029814266063977E-4  0.002163172943046848  6.93931213188836E-4  0.002251925564156238  -0.0013328781717087674  -2.8589976308183085E-4  4.560735878806016E-4  0.0010202132065883498  -0.0018687322855309805  
5.512906027625354E-4  0.001447567531814867  -0.0014739581277334413  7.907161797738784E-5  5.905477445603124E-4  9.83731732748146E-4  -5.330109883226124E-4  -3.9397647546544895E-4  4.451971458331834E-4  -0.0012356870249193841  -2.2029814266063977E-4  1.0  -0.0019416918693416214  -0.0019534183441270517  0.0016943929966975252  -0.0022192234432904813  -5.729090942126283E-4  9.238631117323274E-5  1.3908914020903027E-4  -4.2697696966483646E-4  
-0.0014133934347580301  -0.0015507668494228418  -2.445380968561904E-5  5.271808227595102E-4  -0.0015884226340579415  -8.592010015907395E-4  4.4422072669011086E-4  -0.0012081854249899496  1.5103601179757895E-4  -4.7777432634226396E-4  0.002163172943046848  -0.0019416918693416214  1.0  8.485872205146934E-5  0.0016067398409539968  9.641188821357006E-4  1.451012328853254E-4  -7.679682627561552E-4  -5.595592801126553E-4  -4.0893284272587257E-4  
-9.740671115717708E-4  -0.001125162375327586  2.6360936529520217E-4  -5.032705922296697E-4  8.238386863343116E-6  -0.0020741158388199545  -0.0010483978897164177  0.0012159949826045027  6.671547926410626E-4  1.7793392349858454E-4  6.93931213188836E-4  -0.0019534183441270517  8.485872205146934E-5  1.0  -0.0013410367425988456  -4.6529521126702813E-4  0.0010660595242182878  3.584611041631112E-5  9.246980248029576E-4  0.0015912488949211853  
3.7634120162061114E-4  -0.001111822649160471  0.00129537423732588  4.9014549162911145E-5  -0.0012320301082109186  0.0016458129418799525  3.500427621361117E-4  -4.319109124455448E-4  4.965386237969044E-4  0.0017755193346782653  0.002251925564156238  0.0016943929966975252  0.0016067398409539968  -0.0013410367425988456  1.0  -0.0019313792221768895  6.63706621548379E-4  0.0015329012931670509  -7.111116060402133E-4  -0.0013812189957985077  
-3.1637684059938485E-4  -3.145230449907345E-4  9.445385151427322E-4  8.134667399239269E-4  1.9850469024368665E-4  -0.0011927448183119427  9.871025515522148E-4  -6.078103017254549E-4  1.5065988435600676E-4  0.0015204615810165093  -0.0013328781717087674  -0.0022192234432904813  9.641188821357006E-4  -4.6529521126702813E-4  -0.0019313792221768895  1.0  4.71172126602087E-4  0.0012753877176678468  0.0019211205960127401  -1.4538711300364276E-4  
0.0010403151737508405  0.0010317193223631203  0.002151615609826777  -4.568697549520035E-4  6.667329726984292E-4  4.12915530485276E-4  3.615237726330882E-6  0.0010173614543616458  1.09953040113319E-4  7.752456097703094E-4  -2.8589976308183085E-4  -5.729090942126283E-4  1.451012328853254E-4  0.0010660595242182878  6.63706621548379E-4  4.71172126602087E-4  1.0  -6.931625760793802E-4  -3.067334394172089E-4  -7.213071983225409E-4  
3.548950747062315E-4  0.0010527122541931588  0.0012368038056456059  -9.606764180281186E-4  0.0019038269859966465  3.996050310813153E-4  -9.009730340011209E-4  3.3794834794965924E-4  0.0010097439450069625  1.3373933899784072E-4  4.560735878806016E-4  9.238631117323274E-5  -7.679682627561552E-4  3.584611041631112E-5  0.0015329012931670509  0.0012753877176678468  -6.931625760793802E-4  1.0  6.845922117903383E-4  -0.0016894225604320854  
3.3239428693542035E-5  -1.866589270494721E-4  -5.582222708917976E-4  -4.8122386136199597E-4  7.318499930691914E-4  1.2102616096499015E-4  2.428009374392154E-4  -0.001932896397107389  -0.0027177508720777114  -0.0010996511621501517  0.0010202132065883498  1.3908914020903027E-4  -5.595592801126553E-4  9.246980248029576E-4  -7.111116060402133E-4  0.0019211205960127401  -3.067334394172089E-4  6.845922117903383E-4  1.0  -0.001611531663821092  
-5.8574291834122716E-5  -5.1716975250410266E-5  -5.198056355146989E-4  9.268812248028445E-5  7.341680916016493E-4  -2.1200441750099033E-4  -5.12207570346761E-4  0.0012033293757071758  -0.0012016538550382863  -1.3105369670456744E-4  -0.0018687322855309805  -4.2697696966483646E-4  -4.0893284272587257E-4  0.0015912488949211853  -0.0013812189957985077  -1.4538711300364276E-4  -7.213071983225409E-4  -0.0016894225604320854  -0.001611531663821092  1.0  
