1.0  0.0046384760584233155  0.007372425854614086  -0.004110331244662338  -0.004713557965107089  6.93202276912496E-4  0.005267192493126982  -0.004118475729480909  -0.0058905680130396584  -0.004254950185365823  -0.0024620700115538068  -0.003644550430153111  0.009309413367947422  -0.004049425335203188  0.008275897941587415  -0.0029912069305214548  -1.0951990745546504E-4  -0.004977149731435219  0.0018947364087725925  0.0042705999517875185  
0.0046384760584233155  1.0  -0.0013751627685806111  1.243967332012632E-4  0.0014404567999926994  -6.541848331655461E-4  -0.0043321373838569295  -0.004853334163282657  0.009099376794252621  0.006778177845028436  -5.222597943367407E-4  0.003646347500297829  -6.863352269769022E-4  0.0030688304392009935  0.0020458072637648266  -0.003666618881274267  -0.00206635254105414  -0.004611064123409126  0.0038988522328560955  0.006974992813816035  
0.007372425854614086  -0.0013751627685806111  1.0  -0.0029624441756432147  -0.0017857015432290882  0.0012345099621845763  -0.0014796574834968544  0.002683346369963502  -0.0048837648815055895  0.0033832563631411906  -9.239578589475464E-4  -3.011084499995317E-6  -0.005883673053478879  -0.0020483990652974387  0.0017845488458282208  0.00224368053125492  0.00369856351757244  0.0021108449662223198  0.010975145779061434  0.0031653291651394973  
-0.004110331244662338  1.243967332012632E-4  -0.0029624441756432147  1.0  -0.0021493819757205886  1.681727774768964E-4  0.003609806023365182  8.319936343269939E-4  -0.0038938455753376377  3.301605498188141E-4  -3.5612859171542307E-4  -0.004558741329806647  -0.0015714359904569124  0.0024293968156849214  -0.001913113006933743  0.00818947143404502  -0.0015974651991429844  0.005621367758831254  -0.003677932708492444  0.007311028837075603  
-0.004713557965107089  0.0014404567999926994  -0.0017857015432290882  -0.0021493819757205886  1.0  1.7402674124409147E-4  -0.005489428185432282  0.0015906444685779449  5.967938805209164E-4  -0.0028718979946572997  -0.0019627247950809077  -0.005420827005662303  0.0011678081816760345  -0.004481272952954268  0.008368264409645327  -0.008866541673105938  0.004376295956816774  -0.005436345428816796  -0.001487567632573125  -3.7019313806684626E-4  
6.93202276912496E-4  -6.541848331655461E-4  0.0012345099621845763  1.681727774768964E-4  1.7402674124409147E-4  1.0  7.550539037788853E-4  1.5595294601221662E-4  -0.006260684547257549  3.814535031273041E-4  0.0012860119730850005  0.006427059174844942  0.00874716749052837  -0.0010086208496448421  -0.004493940643975998  -0.0060991991420543176  -0.003045513224081701  -0.006789298402745373  0.003524148369203755  0.0018979942092274271  
0.005267192493126982  -0.0043321373838569295  -0.0014796574834968544  0.003609806023365182  -0.005489428185432282  7.550539037788853E-4  1.0  0.002033955204248101  -0.006354668741339981  -0.004348089112086905  -0.006949024140800334  0.006926737705097192  6.328326841669617E-4  0.0023801102735329645  0.0015822182125267848  0.0018381948433753  8.824247811449093E-4  0.004139676266189285  0.005283743826139262  -0.001962802338896122  
-0.004118475729480909  -0.004853334163282657  0.002683346369963502  8.319936343269939E-4  0.0015906444685779449  1.5595294601221662E-4  0.002033955204248101  1.0  -0.0016754462637655245  0.0077621522802215825  -0.008786651725141651  -0.0027946733794310835  -0.0041249848487153835  0.002129667311817456  0.002503825548817971  -0.002304619701675546  -6.510424818740469E-4  -0.0026614190141996622  -8.914370773456455E-4  0.006689276099036289  
-0.0058905680130396584  0.009099376794252621  -0.0048837648815055895  -0.0038938455753376377  5.967938805209164E-4  -0.006260684547257549  -0.006354668741339981  -0.0016754462637655245  1.0  -9.954481307619218E-4  0.004264780173883165  0.0053647714658906845  0.007469927033611813  -0.0028476998788653364  -0.0012982742162903848  0.0010426501604332132  0.0034136325069124736  0.003377478540594843  -0.004112475726462331  -0.003549731894535484  
-0.004254950185365823  0.006778177845028436  0.0033832563631411906  3.301605498188141E-4  -0.0028718979946572997  3.814535031273041E-4  -0.004348089112086905  0.0077621522802215825  -9.954481307619218E-4  1.0  0.008912372796160133  -0.0011563900812783796  -6.716743786975849E-4  0.007646020577534193  -0.008882316673826517  -0.002024477000433653  -0.003219685701875967  0.0052133208331583995  0.0021391152756161697  0.0015970287318420547  
-0.0024620700115538068  -5.222597943367407E-4  -9.239578589475464E-4  -3.5612859171542307E-4  -0.0019627247950809077  0.0012860119730850005  -0.006949024140800334  -0.008786651725141651  0.004264780173883165  0.008912372796160133  1.0  0.011199815547973153  0.004637535327008404  0.0028082877259246676  -0.004186949121209393  -0.001447985030896474  0.004536679749050711  3.936925883042178E-4  0.004753185444602677  0.007721744082605874  
-0.003644550430153111  0.003646347500297829  -3.011084499995317E-6  -0.004558741329806647  -0.005420827005662303  0.006427059174844942  0.006926737705097192  -0.0027946733794310835  0.0053647714658906845  -0.0011563900812783796  0.011199815547973153  1.0  0.0029029353710754704  -0.0028284817243624263  -0.003929936606596534  -0.0013107398853624422  0.0011333827331361716  0.007685910640787785  0.004990105856438632  -0.005183889735648695  
0.009309413367947422  -6.863352269769022E-4  -0.005883673053478879  -0.0015714359904569124  0.0011678081816760345  0.00874716749052837  6.328326841669617E-4  -0.0041249848487153835  0.007469927033611813  -6.716743786975849E-4  0.004637535327008404  0.0029029353710754704  1.0  -3.069844205607268E-4  -0.004632017482314713  0.00570593138300424  0.002699786816622772  0.003673131291744346  -0.0017538519753473674  -0.002273985787848955  
-0.004049425335203188  0.0030688304392009935  -0.0020483990652974387  0.0024293968156849214  -0.004481272952954268  -0.0010086208496448421  0.0023801102735329645  0.002129667311817456  -0.0028476998788653364  0.007646020577534193  0.0028082877259246676  -0.0028284817243624263  -3.069844205607268E-4  1.0  -0.002464152760181626  -0.0012437127597950564  -0.005363580389536736  -0.0029615715659104774  -5.784055611826991E-4  -0.0024972754199161173  
0.008275897941587415  0.0020458072637648266  0.0017845488458282208  -0.001913113006933743  0.008368264409645327  -0.004493940643975998  0.0015822182125267848  0.002503825548817971  -0.0012982742162903848  -0.008882316673826517  -0.004186949121209393  -0.003929936606596534  -0.004632017482314713  -0.002464152760181626  1.0  0.004742028435942076  -0.010923042393228378  -0.005329226943475456  0.008241890600044892  -0.012074263880571581  
-0.0029912069305214548  -0.003666618881274267  0.00224368053125492  0.00818947143404502  -0.008866541673105938  -0.0060991991420543176  0.0018381948433753  -0.002304619701675546  0.0010426501604332132  -0.002024477000433653  -0.001447985030896474  -0.0013107398853624422  0.00570593138300424  -0.0012437127597950564  0.004742028435942076  1.0  0.0024811652809420943  -0.006083462387233468  0.0026106481038889505  -0.004294336999897919  
-1.0951990745546504E-4  -0.00206635254105414  0.00369856351757244  -0.0015974651991429844  0.004376295956816774  -0.003045513224081701  8.824247811449093E-4  -6.510424818740469E-4  0.0034136325069124736  -0.003219685701875967  0.004536679749050711  0.0011333827331361716  0.002699786816622772  -0.005363580389536736  -0.010923042393228378  0.0024811652809420943  1.0  0.0020354104509574087  0.005091685255402134  6.631911571688901E-4  
-0.004977149731435219  -0.004611064123409126  0.0021108449662223198  0.005621367758831254  -0.005436345428816796  -0.006789298402745373  0.004139676266189285  -0.0026614190141996622  0.003377478540594843  0.0052133208331583995  3.936925883042178E-4  0.007685910640787785  0.003673131291744346  -0.0029615715659104774  -0.005329226943475456  -0.006083462387233468  0.0020354104509574087  1.0  -0.007045911558973973  -7.087641924780451E-4  
0.0018947364087725925  0.0038988522328560955  0.010975145779061434  -0.003677932708492444  -0.001487567632573125  0.003524148369203755  0.005283743826139262  -8.914370773456455E-4  -0.004112475726462331  0.0021391152756161697  0.004753185444602677  0.004990105856438632  -0.0017538519753473674  -5.784055611826991E-4  0.008241890600044892  0.0026106481038889505  0.005091685255402134  -0.007045911558973973  1.0  -0.00109675759048403  
0.0042705999517875185  0.006974992813816035  0.0031653291651394973  0.007311028837075603  -3.7019313806684626E-4  0.0018979942092274271  -0.001962802338896122  0.006689276099036289  -0.003549731894535484  0.0015970287318420547  0.007721744082605874  -0.005183889735648695  -0.002273985787848955  -0.0024972754199161173  -0.012074263880571581  -0.004294336999897919  6.631911571688901E-4  -7.087641924780451E-4  -0.00109675759048403  1.0  
