1.0  -0.0012821492703627097  -0.01674881577861684  0.01605935600423046  -0.006746511114306815  0.0042468905999075435  -0.013061038128720287  0.013271971952577337  0.015724641567479648  -0.00405145766509041  0.014123565125959836  0.0019672947266829786  -0.012414821860127058  0.001856310834795585  0.017191987762398345  -0.0069543718892509845  -0.0050481944278426855  -0.001253239950887207  0.010171811974837021  -0.012990380007372803  
-0.0012821492703627097  1.0  -0.008812357090834697  0.010103223010911388  0.009652621025420175  -0.00853440311430979  -0.016507209049228522  0.010594923320229387  -0.01217373569121074  0.014173231019145197  -0.0023127789543578624  -0.002913818850801836  0.010799478821490956  -0.007885098173574794  -0.009044359667177251  0.004605605841626987  0.009162578750711376  -0.005742058039355595  0.006007733736281166  0.007111256066200788  
-0.01674881577861684  -0.008812357090834697  1.0  0.018502654149795482  -5.062931967490702E-4  0.009525937916781522  0.0014303521594529764  -0.004889858332077954  0.009869298129550634  0.007479256952862289  -0.009210620760355377  0.01184851024543001  1.0050552220461247E-4  -0.002375050032311139  0.020237652873093547  -0.00278665196149556  -0.009214341377914857  -0.025117334585970912  0.009402865532637283  0.008278809898042782  
0.01605935600423046  0.010103223010911388  0.018502654149795482  1.0  0.0030177725490506033  -7.103445838471779E-4  0.002956724766574042  -0.008122808655783185  0.004633418750166429  0.006194031212898108  -0.0068048787469433365  -0.012697972239749604  0.015037784117321368  0.00775538808419783  0.01636137292430884  0.013788808386689394  -4.722457022726134E-4  0.004121092218290322  3.756746349406365E-4  8.575834643540026E-4  
-0.006746511114306815  0.009652621025420175  -5.062931967490702E-4  0.0030177725490506033  1.0  -0.0013167597145427128  -0.007431110919166617  0.012836733099759374  -0.009550348746674077  0.007705051086506107  -0.020529441697758537  0.016724604409582178  -0.002384863517538722  0.015249226325495026  0.012340327411546512  1.7907623003683483E-5  -0.0021445339108700874  0.010501816062896718  0.0035876851798121783  -0.017726325186741252  
0.0042468905999075435  -0.00853440311430979  0.009525937916781522  -7.103445838471779E-4  -0.0013167597145427128  1.0  0.002966401182152647  0.02260417754585561  0.00955057400628686  -0.004733023067915862  -0.0051342044962460484  0.016183889818259273  -0.015635851011427084  0.004811748145621841  -0.003476968427006816  0.0044699347599597445  -0.0036996735234386857  0.004564939637543965  -0.015405783937333252  -0.012221140062370245  
-0.013061038128720287  -0.016507209049228522  0.0014303521594529764  0.002956724766574042  -0.007431110919166617  0.002966401182152647  1.0  0.009392099363443304  -0.006026069189154285  0.009142618915642829  -0.003969022197726055  -0.0058106201446703545  0.018429792702078285  -0.0059166910338920835  -0.004749814213733352  0.01655423128674095  -0.005103672040551148  0.0023528472240564877  0.004796850447235439  -0.014130732496223262  
0.013271971952577337  0.010594923320229387  -0.004889858332077954  -0.008122808655783185  0.012836733099759374  0.02260417754585561  0.009392099363443304  1.0  -0.01648672244704796  0.006157453380237791  -3.76945544671289E-5  0.0046623239280639585  0.002637594750023971  -6.878499312506347E-4  0.003832491020082314  -0.01296656808918937  -0.017576382413587922  0.018965389289770363  0.008159382298189768  -0.014536833341943688  
0.015724641567479648  -0.01217373569121074  0.009869298129550634  0.004633418750166429  -0.009550348746674077  0.00955057400628686  -0.006026069189154285  -0.01648672244704796  1.0  5.32799767029743E-4  0.0023970943939652374  -0.028625236859350766  -0.00466847616412929  0.002380847896069159  0.025657895675179763  -0.0028168584242891015  -0.014387992833622536  -3.124535108309154E-4  -0.00754363238381629  -0.01667202389051036  
-0.00405145766509041  0.014173231019145197  0.007479256952862289  0.006194031212898108  0.007705051086506107  -0.004733023067915862  0.009142618915642829  0.006157453380237791  5.32799767029743E-4  1.0  -0.00615514243196422  -0.004557349713565497  0.0011603409702348269  0.015132714088350634  -4.897223933252961E-4  -0.007145750623688473  -0.021484758668859624  -0.009629181781348481  -0.007241254548487717  0.00482407278163061  
0.014123565125959836  -0.0023127789543578624  -0.009210620760355377  -0.0068048787469433365  -0.020529441697758537  -0.0051342044962460484  -0.003969022197726055  -3.76945544671289E-5  0.0023970943939652374  -0.00615514243196422  1.0  -0.010653633666474921  -0.010502370953537123  0.01057762497824393  0.003507040591933743  -0.005035404378392237  0.002170732101826297  -0.014101578204228764  -0.0015046727385326349  -0.016918010094794853  
0.0019672947266829786  -0.002913818850801836  0.01184851024543001  -0.012697972239749604  0.016724604409582178  0.016183889818259273  -0.0058106201446703545  0.0046623239280639585  -0.028625236859350766  -0.004557349713565497  -0.010653633666474921  1.0  -0.004675460242509014  -0.003987983124458133  0.008936970420811903  -0.008513966134235664  0.0058642198525039445  -0.0017568068164860683  -0.009244635709814595  0.01204273652639425  
-0.012414821860127058  0.010799478821490956  1.0050552220461247E-4  0.015037784117321368  -0.002384863517538722  -0.015635851011427084  0.018429792702078285  0.002637594750023971  -0.00466847616412929  0.0011603409702348269  -0.010502370953537123  -0.004675460242509014  1.0  -0.013447038141186675  0.010277333685930284  -0.0025115496407948305  -7.16051233283354E-4  0.02794825901400891  -0.008798756620415583  -0.004890858845129029  
0.001856310834795585  -0.007885098173574794  -0.002375050032311139  0.00775538808419783  0.015249226325495026  0.004811748145621841  -0.0059166910338920835  -6.878499312506347E-4  0.002380847896069159  0.015132714088350634  0.01057762497824393  -0.003987983124458133  -0.013447038141186675  1.0  0.012888659430437604  0.004498885311354979  0.005494921020752166  -0.0019622287511957747  0.010967796417698352  0.008904135797799344  
0.017191987762398345  -0.009044359667177251  0.020237652873093547  0.01636137292430884  0.012340327411546512  -0.003476968427006816  -0.004749814213733352  0.003832491020082314  0.025657895675179763  -4.897223933252961E-4  0.003507040591933743  0.008936970420811903  0.010277333685930284  0.012888659430437604  1.0  -0.0019885273112571706  0.011472840624315948  -0.0014786883518459984  -0.0031026205418505245  -0.02249404001905638  
-0.0069543718892509845  0.004605605841626987  -0.00278665196149556  0.013788808386689394  1.7907623003683483E-5  0.0044699347599597445  0.01655423128674095  -0.01296656808918937  -0.0028168584242891015  -0.007145750623688473  -0.005035404378392237  -0.008513966134235664  -0.0025115496407948305  0.004498885311354979  -0.0019885273112571706  1.0  -0.005059110138150265  -0.008784993853755457  -0.008420550512781212  0.0031070871754131  
-0.0050481944278426855  0.009162578750711376  -0.009214341377914857  -4.722457022726134E-4  -0.0021445339108700874  -0.0036996735234386857  -0.005103672040551148  -0.017576382413587922  -0.014387992833622536  -0.021484758668859624  0.002170732101826297  0.0058642198525039445  -7.16051233283354E-4  0.005494921020752166  0.011472840624315948  -0.005059110138150265  1.0  -0.006202558637000728  -0.005405686293412867  0.009676804900778518  
-0.001253239950887207  -0.005742058039355595  -0.025117334585970912  0.004121092218290322  0.010501816062896718  0.004564939637543965  0.0023528472240564877  0.018965389289770363  -3.124535108309154E-4  -0.009629181781348481  -0.014101578204228764  -0.0017568068164860683  0.02794825901400891  -0.0019622287511957747  -0.0014786883518459984  -0.008784993853755457  -0.006202558637000728  1.0  -0.023692095946278444  0.00994945737807668  
0.010171811974837021  0.006007733736281166  0.009402865532637283  3.756746349406365E-4  0.0035876851798121783  -0.015405783937333252  0.004796850447235439  0.008159382298189768  -0.00754363238381629  -0.007241254548487717  -0.0015046727385326349  -0.009244635709814595  -0.008798756620415583  0.010967796417698352  -0.0031026205418505245  -0.008420550512781212  -0.005405686293412867  -0.023692095946278444  1.0  -6.801087544207208E-4  
-0.012990380007372803  0.007111256066200788  0.008278809898042782  8.575834643540026E-4  -0.017726325186741252  -0.012221140062370245  -0.014130732496223262  -0.014536833341943688  -0.01667202389051036  0.00482407278163061  -0.016918010094794853  0.01204273652639425  -0.004890858845129029  0.008904135797799344  -0.02249404001905638  0.0031070871754131  0.009676804900778518  0.00994945737807668  -6.801087544207208E-4  1.0  
