1.0  -0.0039726994308839445  0.0010262027959310922  0.004067131189680006  -0.005664346927476828  0.004208821445025135  0.0010744534894423937  0.001066030135052705  -5.688622102259731E-4  -0.0012432755919229365  -0.0025419233189949517  -0.0030963822711079047  0.0025163099834267966  0.005978551067363589  -0.0011856175826494059  0.0017835336661700936  0.0030854455175349646  0.0014230937595598834  -8.792122252106039E-5  4.5298072850514896E-4  
-0.0039726994308839445  1.0  0.005064462530357915  -0.004488079018154957  6.064584302154229E-4  1.805156663664474E-4  0.0015543605091310059  0.005582270255857039  0.0019160639242403184  0.007153268755857949  0.0038969294608266736  -0.003815769959905253  -4.0222678949705193E-4  -0.003150728954392477  0.005137219332766328  -8.678054789558581E-4  0.004600362817836643  -6.508028473967245E-4  0.002507338794670319  0.0032686075175338025  
0.0010262027959310922  0.005064462530357915  1.0  0.001973692328044077  -1.3033238227092784E-4  0.0014218455677396894  -2.1677271531680582E-4  -0.003415198033859636  -0.002232195614174007  9.755453862014716E-4  0.00333942684226507  -0.002433189395508555  0.010041930863476637  -0.006818898321747991  0.005993523315266782  0.0015673953863014375  -5.644587175821979E-4  -0.0013709518350953638  -0.001298780491440093  5.188761521127005E-4  
0.004067131189680006  -0.004488079018154957  0.001973692328044077  1.0  -0.0047732622284810755  -0.002824851132508146  0.0018219957045756167  -0.005419133852340603  9.567259387525198E-4  -0.0017077320476116564  6.972459193303151E-4  8.929290926945409E-4  -0.004159301036686156  0.004696749973444809  0.005381359521142511  -0.004058838359937216  -0.0024511473558943304  0.0020835661422734662  -6.825154732720996E-4  -8.91842089784225E-4  
-0.005664346927476828  6.064584302154229E-4  -1.3033238227092784E-4  -0.0047732622284810755  1.0  -0.0021943718218020883  -0.00408522807025078  -4.651460798176704E-4  6.173771825753988E-4  7.919476979514657E-4  3.405741541336811E-4  0.006423633855709269  -6.778657308815117E-4  -0.006412367572032472  0.005979723223548948  -0.0020272201755538568  0.005611086564529435  -0.002119601160127953  -0.0014247277377290879  0.003291245818331021  
0.004208821445025135  1.805156663664474E-4  0.0014218455677396894  -0.002824851132508146  -0.0021943718218020883  1.0  -0.005271567161667013  0.002148203244823317  -0.003551644227471399  -0.00371559959855194  -0.002767653485786919  0.002484462211654432  -9.78245860916786E-4  -6.936176410044984E-5  -0.0010696114195032373  -0.005042326340802333  0.0012164974962162595  -3.7326266110403646E-5  -6.659269985651361E-4  -0.0022496836339766994  
0.0010744534894423937  0.0015543605091310059  -2.1677271531680582E-4  0.0018219957045756167  -0.00408522807025078  -0.005271567161667013  1.0  -2.7415305746795077E-4  0.0011384760365543644  -8.798799583597345E-4  -9.58777562421641E-4  -0.002995288572825317  0.0023546982074953487  0.0026421809322318595  0.009729928853348807  -0.0015927179202694336  0.004934022312049687  0.0037548670486507907  0.0024926710995434903  0.0027731989866562525  
0.001066030135052705  0.005582270255857039  -0.003415198033859636  -0.005419133852340603  -4.651460798176704E-4  0.002148203244823317  -2.7415305746795077E-4  1.0  -6.81536285811199E-4  0.0011175587698052229  0.00194668511000516  -0.008935004946482587  0.006660286885899692  4.944130293527828E-4  2.32316297169425E-4  -0.00574078097095861  8.817331084966729E-4  -0.0015385843840885782  -0.006626869430097611  0.004448301966889675  
-5.688622102259731E-4  0.0019160639242403184  -0.002232195614174007  9.567259387525198E-4  6.173771825753988E-4  -0.003551644227471399  0.0011384760365543644  -6.81536285811199E-4  1.0  -0.0019984609253249127  2.8067831948577304E-4  0.001981857884161503  2.9508768387133904E-4  2.5460837283823985E-4  2.5767842875833874E-4  -0.003692422059106335  8.158226640760172E-4  0.0033211853646371247  5.097998286156596E-4  -0.0018122683800880584  
-0.0012432755919229365  0.007153268755857949  9.755453862014716E-4  -0.0017077320476116564  7.919476979514657E-4  -0.00371559959855194  -8.798799583597345E-4  0.0011175587698052229  -0.0019984609253249127  1.0  3.0776654811120145E-4  0.010815639881243516  1.704171475410814E-4  0.0025684260480095004  -0.0012075926178733666  0.002383712610330147  -8.743686559648253E-4  0.005134714968511095  0.005344975337186582  4.8370647234861083E-4  
-0.0025419233189949517  0.0038969294608266736  0.00333942684226507  6.972459193303151E-4  3.405741541336811E-4  -0.002767653485786919  -9.58777562421641E-4  0.00194668511000516  2.8067831948577304E-4  3.0776654811120145E-4  1.0  -0.0033871444557611644  0.002166102084955393  -0.006450231921785455  1.878541766292934E-4  -8.173859123977784E-4  5.508680974872762E-4  -9.738750282786506E-4  0.003213685504643387  -2.3376087503072768E-4  
-0.0030963822711079047  -0.003815769959905253  -0.002433189395508555  8.929290926945409E-4  0.006423633855709269  0.002484462211654432  -0.002995288572825317  -0.008935004946482587  0.001981857884161503  0.010815639881243516  -0.0033871444557611644  1.0  9.161047367627585E-4  0.007366782735266483  -0.0014904576693929915  0.0030490988694563035  -0.004206034841940998  -1.1439508319390057E-4  0.00422859856950092  0.0017314049119878268  
0.0025163099834267966  -4.0222678949705193E-4  0.010041930863476637  -0.004159301036686156  -6.778657308815117E-4  -9.78245860916786E-4  0.0023546982074953487  0.006660286885899692  2.9508768387133904E-4  1.704171475410814E-4  0.002166102084955393  9.161047367627585E-4  1.0  5.325492685105076E-4  7.733064737544564E-4  0.0016406665851190021  0.0012979020159896739  0.002939611210825584  -1.8324496134115143E-4  -0.0031620740834193885  
0.005978551067363589  -0.003150728954392477  -0.006818898321747991  0.004696749973444809  -0.006412367572032472  -6.936176410044984E-5  0.0026421809322318595  4.944130293527828E-4  2.5460837283823985E-4  0.0025684260480095004  -0.006450231921785455  0.007366782735266483  5.325492685105076E-4  1.0  -0.0015728227666599373  0.0024770557153584597  9.665157963064698E-4  -0.003000299410750575  7.248118185801931E-4  -0.0017842983084693466  
-0.0011856175826494059  0.005137219332766328  0.005993523315266782  0.005381359521142511  0.005979723223548948  -0.0010696114195032373  0.009729928853348807  2.32316297169425E-4  2.5767842875833874E-4  -0.0012075926178733666  1.878541766292934E-4  -0.0014904576693929915  7.733064737544564E-4  -0.0015728227666599373  1.0  0.004063701673553796  -0.004403431267948389  -0.004070590147212596  0.003918424223640743  9.745285889604577E-4  
0.0017835336661700936  -8.678054789558581E-4  0.0015673953863014375  -0.004058838359937216  -0.0020272201755538568  -0.005042326340802333  -0.0015927179202694336  -0.00574078097095861  -0.003692422059106335  0.002383712610330147  -8.173859123977784E-4  0.0030490988694563035  0.0016406665851190021  0.0024770557153584597  0.004063701673553796  1.0  -0.0016169473094636874  -4.239401325152002E-4  0.0018392669275291242  -0.0017440502982150076  
0.0030854455175349646  0.004600362817836643  -5.644587175821979E-4  -0.0024511473558943304  0.005611086564529435  0.0012164974962162595  0.004934022312049687  8.817331084966729E-4  8.158226640760172E-4  -8.743686559648253E-4  5.508680974872762E-4  -0.004206034841940998  0.0012979020159896739  9.665157963064698E-4  -0.004403431267948389  -0.0016169473094636874  1.0  -7.10293968667432E-4  1.1579093535297803E-4  -0.0010287462436919872  
0.0014230937595598834  -6.508028473967245E-4  -0.0013709518350953638  0.0020835661422734662  -0.002119601160127953  -3.7326266110403646E-5  0.0037548670486507907  -0.0015385843840885782  0.0033211853646371247  0.005134714968511095  -9.738750282786506E-4  -1.1439508319390057E-4  0.002939611210825584  -0.003000299410750575  -0.004070590147212596  -4.239401325152002E-4  -7.10293968667432E-4  1.0  0.0036728647116600834  1.8278296428958147E-4  
-8.792122252106039E-5  0.002507338794670319  -0.001298780491440093  -6.825154732720996E-4  -0.0014247277377290879  -6.659269985651361E-4  0.0024926710995434903  -0.006626869430097611  5.097998286156596E-4  0.005344975337186582  0.003213685504643387  0.00422859856950092  -1.8324496134115143E-4  7.248118185801931E-4  0.003918424223640743  0.0018392669275291242  1.1579093535297803E-4  0.0036728647116600834  1.0  0.0015267703180746708  
4.5298072850514896E-4  0.0032686075175338025  5.188761521127005E-4  -8.91842089784225E-4  0.003291245818331021  -0.0022496836339766994  0.0027731989866562525  0.004448301966889675  -0.0018122683800880584  4.8370647234861083E-4  -2.3376087503072768E-4  0.0017314049119878268  -0.0031620740834193885  -0.0017842983084693466  9.745285889604577E-4  -0.0017440502982150076  -0.0010287462436919872  1.8278296428958147E-4  0.0015267703180746708  1.0  
