1.0  0.0019080766128124998  6.243659261285542E-4  0.0012336773154973644  -0.007003063298621638  0.005090035767413697  -0.0018032276515201925  -0.004164334360804131  -0.006375495311026023  -0.002105612038226263  -0.005557394126043121  0.0024535507737946673  0.002671018382009642  -0.0024352265104940433  -3.3825186243284825E-4  -0.006168609202114502  -0.0017115919077021575  4.11132351017147E-4  0.0030975119244941824  1.2392010211303913E-4  -0.0021907214759507234  -0.00972520515562147  0.002449414302092536  0.004843270435272087  -0.0026097812630963826  0.001737491550475827  -0.0032737218038310493  0.0014653837756168062  -9.61937835410796E-4  -0.0016840648786418874  -1.6748214770261343E-4  -0.001049277475428551  -0.00707614697100035  3.806916451964029E-4  -0.004999711813409663  -3.3610521508462704E-4  6.058317079571638E-5  -0.003652237676616888  0.0018253184579173718  0.0018665431220852172  3.324751199988343E-4  -0.002654745107821602  0.006137766085322678  0.006413556197152482  5.221029244546314E-4  7.574188221380771E-4  -0.0029581914585741  0.0066222006971362124  0.002933636176311218  6.29480386723082E-4  
0.0019080766128124998  1.0  0.003382886621480657  -0.003691912025406142  0.0027830605234324237  -5.328945452071328E-4  -8.208539919065262E-4  -0.0044346354030535325  6.066395233687999E-4  -0.00858285061028635  -0.0015113296534640635  -9.908351723370617E-4  -0.002115777227748448  0.00404529327131118  4.961319203132602E-4  -0.0014253659579808013  0.002091899185655511  -0.0026214724630555667  -0.004070365481264981  0.005956966325171032  -0.004385910570689099  1.1519363511628838E-4  -0.0012602804870430267  -0.0022865029250002493  -7.959555614682234E-4  0.002491790122674185  -0.006919901306851058  0.001425513001747396  0.004059200478610066  -0.004193863176028526  -8.032854689579155E-5  0.005607296476147402  0.0016224606219597823  -0.0027110643886393182  -0.006834095688255983  -6.488152011144299E-4  0.0010447946935803372  0.004934539266239398  -0.010396295336031933  -4.197641442577189E-4  0.002682197370517426  -0.001573791488152476  -0.0035798893096364286  -9.31133001268646E-4  -0.005929516341978462  -6.564794046346966E-4  0.0021956126962806096  0.0010217495406833622  0.007207648387773761  0.005343428371608736  
6.243659261285542E-4  0.003382886621480657  1.0  -0.0028195302847779185  -0.00199499807563557  -0.0032786297814635114  -0.004198198408108372  0.005007931284334854  0.0036328903960524458  -0.004005519176431617  0.008141325423227116  -0.0018367187615429034  0.0016473439252605124  -0.0036056563665741864  -0.005074062477589086  -0.003940712883612238  -0.0028428814581225883  -0.004419265545797142  -0.0018096846140625686  -4.144723361106132E-5  -0.004109781041908846  0.003164944053773104  -0.003427315884940322  0.002296405021576736  9.049834897056089E-4  -0.0038995076037481747  0.004086894729187696  -0.002389096466404104  -0.0010378761202573584  0.0015058415622760343  6.686722286568864E-4  0.0017508996689251095  0.003353807287472679  0.00288599813229856  0.0027564864057036086  0.0016928762207042598  0.0033175980576234383  8.418034009424201E-4  -0.0031113772926844993  0.004100645922502735  -0.00609897719551194  0.003126254562502646  0.0012301230804322833  -0.0018858266756924408  -9.323615924029328E-4  0.002045256189032274  9.160873348050958E-4  0.0030412000064220595  -0.0055404385199654  1.258533721816392E-4  
0.0012336773154973644  -0.003691912025406142  -0.0028195302847779185  1.0  -0.002432868899924135  -0.0032803456640631895  8.026518917516068E-4  0.0027879492126035724  -0.0017528536096796006  0.0017844337496062976  -0.0028056972367840266  0.006045716269072582  -0.0035126281485103983  -3.274352094567013E-4  -0.009473829501601246  -0.006229617482469246  4.85761268967693E-4  0.004328949819960352  -2.636075329882085E-4  -0.0038923468908536214  -0.001943970566543431  5.135164584391652E-4  0.007310771394638543  1.3207391989337195E-4  0.0011450974594050456  0.002241512093328814  0.004734930676119126  7.756190368254462E-4  -0.001679406527746973  0.0022353926696488634  9.912438642948004E-4  -0.005069413133095241  -0.00509227147998054  -0.0036780454716269745  -3.3828819903924576E-4  0.0035120810620604885  2.493061467029224E-4  0.004005702658448147  -0.006408352015092733  0.0035315601710024136  -0.004639067678670641  -0.0013000307150743734  0.0059622086186728535  0.0026033214927425594  -0.00821840221488875  0.003642129492529187  -4.774511804962797E-4  -0.002480520603208108  0.004399155177892316  0.003432723863240621  
-0.007003063298621638  0.0027830605234324237  -0.00199499807563557  -0.002432868899924135  1.0  -0.0017457789411947436  0.0021493133899728235  0.0037660354203437195  0.0027399751595785244  0.002107096847437222  0.004371570204405501  4.423982172566447E-4  0.0015205050499327525  -0.002831469767451926  0.0019245947922996044  -0.0024065753724767987  -0.0010956122430434672  -9.939420999316416E-4  0.005946808512793366  -6.583766397544394E-4  0.0028280562123169906  5.454938322685924E-5  9.936841938805456E-4  0.004299304070274897  -0.0023735329354021553  0.0035138968262403117  -8.787794912726363E-4  -0.002179181794718664  -0.004842016314177532  -0.0015944265419096226  0.0014123287786773236  6.49071967524557E-4  -0.001220980344572756  -0.0023267737998932604  0.006660603514102299  0.0011261699363234227  0.0017031721957990787  0.0026234670533307708  -1.0253843151026223E-4  -0.0012976716812784603  -0.001346664677676056  9.502970080026211E-4  -0.0012146882527577871  -0.0020821759119867586  -0.0028304466696708478  0.0061667343325699075  0.0010762546361544735  -0.0024897832094072886  9.106991185563302E-4  0.003568577577088163  
0.005090035767413697  -5.328945452071328E-4  -0.0032786297814635114  -0.0032803456640631895  -0.0017457789411947436  1.0  4.2870045255205026E-4  7.795581442960512E-4  1.3971315466443233E-5  -0.0024052543900591637  -0.0020408920943185646  -0.006385819874820425  -0.0010433655367830994  -0.004140182689397921  0.001297869833532147  -0.0021399369809013725  0.004526134722283755  -0.0011986089608549385  -0.003407292740000452  3.2813657068563593E-4  0.003572102952118973  0.002526320038829937  0.0024105816720582764  -0.0021088330505451367  1.0713721253893281E-4  -0.002177109637110387  -0.00566367102567224  0.002140039136006983  -9.203974620616116E-4  7.049419325049796E-4  -0.0052382288574710015  5.246203158274155E-4  -8.907855049751842E-4  0.0030847603162729572  -0.004472836208876946  0.003983160105832526  5.3905684285029125E-5  -4.987292761498963E-4  -7.71888504489746E-4  0.0031467642870393127  9.633687428275736E-4  3.493997159093372E-6  6.793559459907166E-4  -0.0014678341699873281  -7.512086323095994E-5  0.004712331640182489  -0.0034740243547311134  0.0010635952938104077  -0.0010323296084391567  -0.001612382476337579  
-0.0018032276515201925  -8.208539919065262E-4  -0.004198198408108372  8.026518917516068E-4  0.0021493133899728235  4.2870045255205026E-4  1.0  -0.0028644637766596388  -0.0031549039979012925  -0.0012922894284510035  0.0025202115545238874  -0.001206352786169373  0.002271714935043634  0.001401440098279886  -0.0031645221023340942  -0.004109011257461167  -0.006214029078371411  0.0012382761412117523  0.004974962561640861  -0.0024746388233150445  0.0016223913745398012  8.856124559667419E-5  -0.0010408281656148286  0.002045455350402983  -3.6262220303184874E-5  -5.937465648791489E-4  9.855512849761105E-4  0.007048037751924361  -0.00297441386839002  -3.3629121228786E-4  -7.112883711082063E-4  -0.0012538844506724523  0.006473499321759231  -3.480353201413569E-4  -4.5119917743329126E-4  0.003583303602835533  -0.0037275698360116657  0.002230355627869764  3.8238885110818745E-4  -0.004698804185988052  9.148444243588202E-4  -4.82948252971577E-4  0.0027125294976811424  0.0026372247435700784  -0.001502532052206268  0.0016515103031126972  0.0034205477957872273  -0.006187813448497238  -0.0037776985742121096  1.7277482589100047E-4  
-0.004164334360804131  -0.0044346354030535325  0.005007931284334854  0.0027879492126035724  0.0037660354203437195  7.795581442960512E-4  -0.0028644637766596388  1.0  -0.0026288713881080536  0.006166004629763077  1.1124728384876886E-4  -0.001347825047604887  0.004309915065094233  -0.0039665785685469995  -0.002727590880952226  9.374940069898448E-4  0.004233511909468542  0.001669192080428481  0.0015152447983574802  0.005250786944020272  0.0026466952963837016  -0.004998808352456653  7.226089423213163E-4  -0.0014318070313137149  -0.0025188296805656457  -0.003994517746513694  0.0026459936932482645  -0.002118892832988663  0.003505193383930678  4.032183449750875E-4  3.2059383741935135E-4  0.0035723636472106525  0.001353082057736123  -0.0026743964706593716  -0.007871775036117577  -7.641288330691672E-4  -0.0024369798417662094  -6.1240469732352E-4  0.002123304520150648  9.729215882047522E-4  0.004180253794386106  -0.0010871719530071377  0.001995871868016856  0.007191125682608924  -0.0028032289294275146  0.0014568558903946503  -2.002562246197081E-4  0.004810731160063375  -8.991499679283451E-4  -3.75527868890169E-4  
-0.006375495311026023  6.066395233687999E-4  0.0036328903960524458  -0.0017528536096796006  0.0027399751595785244  1.3971315466443233E-5  -0.0031549039979012925  -0.0026288713881080536  1.0  -0.0014472849222369728  6.361036023433982E-4  -0.0010554104097272557  -0.004536080207604931  0.001025430376130641  -0.0033675437677446393  -7.228992534295034E-4  0.0021041064506323835  -0.0033868909155251943  -0.0030319859679140584  -0.001472261408872563  0.0057173502442185425  -0.0012596076433460252  5.461161629432767E-4  0.0023351328327774275  5.176197026507433E-5  -0.00281893043673011  -8.351880560559616E-4  -0.0028342356158018033  0.002341385206186648  -9.518900933153088E-4  -0.00506203505036624  -3.7957997488172104E-4  0.001614237156871941  2.5706060121094294E-4  -4.0349421875778994E-4  -0.0014768860539503405  -0.0031876823100633017  -0.002935185293543346  -0.005139352955929567  8.025949258992561E-4  -0.0042323933118311036  -0.0037386283658534087  -0.004206464405854898  9.49325291518758E-4  -0.0015110599167801754  -8.817450483403332E-4  2.1215209207380595E-4  0.003546650125262894  3.6559306124229373E-4  -0.001025359478294579  
-0.002105612038226263  -0.00858285061028635  -0.004005519176431617  0.0017844337496062976  0.002107096847437222  -0.0024052543900591637  -0.0012922894284510035  0.006166004629763077  -0.0014472849222369728  1.0  0.0015432030237909746  -0.00446220059669292  -4.459994538933387E-4  0.005122795379724341  0.0013119518061247219  0.0019392447985852649  0.002520823309047473  -0.002674431373203434  0.0016286632157620571  0.0021166016776920055  -0.002769532457409475  -4.55509191189316E-4  -0.00528368986602803  -0.0028095952185919603  -0.0013042765754399674  0.0030866548900542316  -0.005779095224888642  -0.004719340795275355  -7.73133717584574E-4  -2.577653179442514E-4  0.002452660189696625  0.0019436184548773455  0.0017525499504111406  0.0023784455294666384  0.002679117262229343  -0.004667077345691058  0.0013701278939030526  8.936657403730446E-4  0.004791211207717436  -0.0023458164943476064  0.004650390214118657  -0.0035209042719199844  -0.003573597934818931  -0.0010089257870235463  -0.002893422216501359  9.174653455601822E-4  -2.803742951917596E-4  -0.0012644280488656287  -1.3029832515585408E-4  0.0037046155125257576  
-0.005557394126043121  -0.0015113296534640635  0.008141325423227116  -0.0028056972367840266  0.004371570204405501  -0.0020408920943185646  0.0025202115545238874  1.1124728384876886E-4  6.361036023433982E-4  0.0015432030237909746  1.0  0.002580751667035914  -8.555498093541625E-4  0.002282753554156152  0.002278591158411824  8.875385178537268E-4  0.005123535501560066  0.0012844727716698507  -5.26730657816099E-4  0.0013471455307068577  0.0061350611300597085  0.0034997724176373144  0.001562726379795536  0.002053706482423855  8.907819820769794E-4  0.0025314469914902143  0.0018822113256378125  0.004298819636428563  0.002702977640588083  0.001640189536404361  -0.00403229915019578  -9.410170526404611E-5  0.003133599061567285  0.0024654126113870557  0.004197258540787317  0.003933248410257668  0.003713772333384299  -0.0033836165765288354  0.0014540333161026618  -0.0059542270821395064  -0.0010778207336100652  -0.0026801449008236784  0.0020394976116905688  -0.002787586675156134  -5.45690321975193E-4  5.90165049824382E-4  0.002533707549948495  0.002326977173994522  0.005187796665556017  0.0014061627553149667  
0.0024535507737946673  -9.908351723370617E-4  -0.0018367187615429034  0.006045716269072582  4.423982172566447E-4  -0.006385819874820425  -0.001206352786169373  -0.001347825047604887  -0.0010554104097272557  -0.00446220059669292  0.002580751667035914  1.0  -3.9883702680010394E-4  -0.0057495704491360745  -0.005222033654176523  0.002459355785797882  -0.0028194599808242624  0.001455808335093226  -0.0016061301912001452  -3.879524611192724E-4  -0.0018433413460591072  -4.703610519509939E-4  -0.0054165474095491705  -2.4338758731226864E-4  -0.006491757158013319  -0.002227018290601239  0.0034383295935736954  -0.002102830713631585  1.408560664750401E-4  0.0024909705565405605  0.001616304618647697  -0.0021249753055217965  -0.0011883801374826344  -0.001054600561332734  -0.0012934848229426389  -0.0030994020792219253  0.004863735797107343  -0.0014990345596305778  -0.004258438529037112  0.0029681118929254643  3.273403173662457E-4  -0.007571345152150127  -2.934707639555656E-4  -3.2369373419874234E-4  0.001701092179470745  -0.007527148542431828  -0.0028755651221832146  -0.0038193672322814655  -0.010257233139464715  0.0020043209524177237  
0.002671018382009642  -0.002115777227748448  0.0016473439252605124  -0.0035126281485103983  0.0015205050499327525  -0.0010433655367830994  0.002271714935043634  0.004309915065094233  -0.004536080207604931  -4.459994538933387E-4  -8.555498093541625E-4  -3.9883702680010394E-4  1.0  0.0012745114489387996  0.001971648778218092  -0.002959272591133242  -2.2532117866526222E-5  -0.0012525987679366665  2.1761058350369087E-4  -0.002148744286101654  0.0022153200052255047  -0.0029971209881038308  0.002067693717643009  -5.266326943367256E-4  0.0015970780271881845  -0.003560859278372242  -0.0016987465522698404  0.0016834268564700017  0.00350545084473056  0.0033102097315681834  -9.125976158573042E-4  7.087978897312229E-4  0.0022692047942531103  -5.130352440497532E-4  0.003463155703686077  0.004206035329560916  -8.019479117055246E-4  0.002107903270367846  -0.0030167605681817988  0.0039232588415130335  6.94590451330915E-4  0.0013711748857597864  0.003372259753506185  0.0032740873894910073  0.0010091332718432826  0.004426167960301964  -3.5940512587796607E-4  0.00140825455423417  -0.0032259742957372268  4.875238350740749E-4  
-0.0024352265104940433  0.00404529327131118  -0.0036056563665741864  -3.274352094567013E-4  -0.002831469767451926  -0.004140182689397921  0.001401440098279886  -0.0039665785685469995  0.001025430376130641  0.005122795379724341  0.002282753554156152  -0.0057495704491360745  0.0012745114489387996  1.0  0.0043195612279470375  -0.0031770214186459984  9.52182233765352E-4  0.002838894194169842  0.0032224108758624015  -6.240516365706549E-4  0.0033276410349750503  7.87711167133759E-4  0.0019135557274935473  -0.002005240696716536  4.7994137617423326E-4  -0.0060924996462407895  -0.0077759155792081446  0.0029481412551434424  -0.0030086604734647876  -3.65565256360264E-4  9.622364576411248E-5  -0.001127786073433967  0.0018464107634696626  4.2879559929681946E-4  0.005507986967298861  -0.003998968768597039  0.004436491384788928  0.0013158911481783938  0.0011844596622247754  0.0023936498234858076  0.003127229068119908  -0.0014859119833439606  -0.0032330517990251865  -0.0027196872974318883  0.005331883004617334  -0.002276035742672317  -0.0013605567624202404  -0.0019991030032387542  0.005180664726091178  0.003864091933947675  
-3.3825186243284825E-4  4.961319203132602E-4  -0.005074062477589086  -0.009473829501601246  0.0019245947922996044  0.001297869833532147  -0.0031645221023340942  -0.002727590880952226  -0.0033675437677446393  0.0013119518061247219  0.002278591158411824  -0.005222033654176523  0.001971648778218092  0.0043195612279470375  1.0  -0.004827288403565399  0.002910085661512932  -0.004626726144470286  -0.0010870667551863159  -0.0011452085309042494  0.001324348339720225  0.00304292372765524  -0.004448801532985448  -0.005457307309277747  -1.3781872505079374E-4  0.0028968358105744565  0.0021058548614337072  9.56219892573067E-4  0.004637699387865336  -7.269126982493475E-4  -0.00306131960114549  0.0017168612936521244  0.006466237867653334  -0.0033493438048558836  7.775709344041714E-4  0.0019215086935840341  5.729546111556834E-4  0.0017932898496183496  0.0024656532537614194  -6.179182412137493E-4  -0.004302145506032919  -0.0025223099581579886  -0.002244082452645377  -5.266417095118593E-4  3.126118408311183E-4  4.011530917722917E-4  -0.0075223063617449164  -0.0013287692584537797  0.0030530438910559327  -0.001791010510068527  
-0.006168609202114502  -0.0014253659579808013  -0.003940712883612238  -0.006229617482469246  -0.0024065753724767987  -0.0021399369809013725  -0.004109011257461167  9.374940069898448E-4  -7.228992534295034E-4  0.0019392447985852649  8.875385178537268E-4  0.002459355785797882  -0.002959272591133242  -0.0031770214186459984  -0.004827288403565399  1.0  -0.0015939356714353976  -9.553003816772879E-5  2.8515203280350286E-4  8.862730281652485E-4  0.0034695562010742097  0.0025645919954585266  -9.047099408954753E-4  0.004685844498873028  -0.006641899106653268  -0.0015432773872581425  -2.663913456727859E-5  0.0031900705038304424  2.0201705080865882E-4  -0.0033708305288290357  0.005547746663451136  0.0025057558427147523  -4.5620342627086347E-4  0.001935674632938995  -0.004107174312635523  -0.0028864932862868458  -0.0013172778168111352  -0.0035964076976965024  0.0032304403907296186  0.004871022226356628  0.0031687454467898704  0.0026775473271237215  0.001660786890316195  4.179857870125984E-4  0.0014297042165944103  0.0028767803453656634  -0.0013819546314937556  0.006142886854222151  -0.006422686664777447  -0.0024276514198370747  
-0.0017115919077021575  0.002091899185655511  -0.0028428814581225883  4.85761268967693E-4  -0.0010956122430434672  0.004526134722283755  -0.006214029078371411  0.004233511909468542  0.0021041064506323835  0.002520823309047473  0.005123535501560066  -0.0028194599808242624  -2.2532117866526222E-5  9.52182233765352E-4  0.002910085661512932  -0.0015939356714353976  1.0  0.00356767780968014  0.003453874005198579  6.750216398953912E-4  -0.0030789321889646733  0.004350921475671751  -0.0012980930606883222  -0.001162973404016924  -0.0011184120734487367  -0.006150352663335065  -0.003997865494291283  0.005193607803076752  -0.004818052646798894  -0.002251968762096671  -0.002621284508343961  0.007742299242858825  9.430397215485554E-4  -0.002672845672159405  -3.273880227105939E-4  0.0019974959432389893  0.00283677326391911  3.4178432649473764E-4  -0.002661340540916771  -0.006672893686992955  -0.006294981443849369  -2.6360065989741166E-5  -5.040471770346364E-4  -0.0014936220361528728  -0.0012247196413673303  -3.714709314793915E-5  4.797862326715051E-4  0.0011438745734919835  0.00221858617149198  -1.3789652427059699E-5  
4.11132351017147E-4  -0.0026214724630555667  -0.004419265545797142  0.004328949819960352  -9.939420999316416E-4  -0.0011986089608549385  0.0012382761412117523  0.001669192080428481  -0.0033868909155251943  -0.002674431373203434  0.0012844727716698507  0.001455808335093226  -0.0012525987679366665  0.002838894194169842  -0.004626726144470286  -9.553003816772879E-5  0.00356767780968014  1.0  -2.0498293776030198E-4  -0.0027890172399260018  0.0029112660359658783  0.004692801699755625  -0.001902729984952688  1.429767786818299E-4  -0.0026129388378164503  0.003392836496951507  0.002686674421495337  -0.0048557375536204496  7.696087248096375E-4  0.0022190017398134  0.0029114172289318252  -0.0033604637733418066  -0.004215971230396762  -0.0019023188551232184  -0.00627400694750667  0.0011383495811800575  -0.0024483026261726574  -6.904341759576839E-4  -0.0032336849384031305  -0.004352279227787841  -0.0015320558686829015  7.29258517750941E-4  0.0012158976045533948  0.002368254608303565  -0.00421733427814741  2.4302937813293574E-4  0.002015978063685899  7.158510085186101E-4  0.0024031998437027916  -3.4578001600677984E-4  
0.0030975119244941824  -0.004070365481264981  -0.0018096846140625686  -2.636075329882085E-4  0.005946808512793366  -0.003407292740000452  0.004974962561640861  0.0015152447983574802  -0.0030319859679140584  0.0016286632157620571  -5.26730657816099E-4  -0.0016061301912001452  2.1761058350369087E-4  0.0032224108758624015  -0.0010870667551863159  2.8515203280350286E-4  0.003453874005198579  -2.0498293776030198E-4  1.0  -3.842971927356876E-5  0.0038572435857909303  7.080159991869688E-4  -0.01106390916576581  3.974096468691562E-4  6.901897624301058E-4  0.002285847409404491  0.004705458264006319  -0.0013058031438764996  -0.00729747956575273  -0.004998495558303209  0.0026848160884120507  0.0014690442082646716  6.493484565802942E-4  0.012463869743514835  -0.006225183664697082  -0.0045282910162382905  1.699741179351328E-4  -0.0040908784190856525  -1.6317467845648815E-4  0.004381812274661497  0.0010086764075226348  0.00500814354964857  0.001796324159317519  -0.001102900541246641  -0.001402140959191045  0.003201856705924032  -6.12521120393542E-4  -0.0064863220768204485  0.003355120891538164  0.0033573031084720116  
1.2392010211303913E-4  0.005956966325171032  -4.144723361106132E-5  -0.0038923468908536214  -6.583766397544394E-4  3.2813657068563593E-4  -0.0024746388233150445  0.005250786944020272  -0.001472261408872563  0.0021166016776920055  0.0013471455307068577  -3.879524611192724E-4  -0.002148744286101654  -6.240516365706549E-4  -0.0011452085309042494  8.862730281652485E-4  6.750216398953912E-4  -0.0027890172399260018  -3.842971927356876E-5  1.0  -0.003196489265289768  -0.003169637402964015  0.00234849197749472  -0.001696775378966853  0.006848554559538785  0.006290753956015117  8.789071588729193E-4  -0.003277313527793939  -0.0022215520338877055  0.003147175067205713  0.001211501851800366  -0.0035838463081278543  -4.428904185483266E-4  0.0010825042207030953  0.0017709264704477323  -0.006460656954927714  -0.0018462543205891165  6.133210029008904E-4  -5.638537496758713E-4  -0.007837847171143926  0.0015581488115059057  -9.754581570168566E-4  -3.347321775587543E-4  -0.005473034744457816  0.004467610401733803  1.641155566626009E-4  -0.0010950536556245556  -0.0011705321827879364  0.003576943942671381  0.0029294760392801905  
-0.0021907214759507234  -0.004385910570689099  -0.004109781041908846  -0.001943970566543431  0.0028280562123169906  0.003572102952118973  0.0016223913745398012  0.0026466952963837016  0.0057173502442185425  -0.002769532457409475  0.0061350611300597085  -0.0018433413460591072  0.0022153200052255047  0.0033276410349750503  0.001324348339720225  0.0034695562010742097  -0.0030789321889646733  0.0029112660359658783  0.0038572435857909303  -0.003196489265289768  1.0  0.007296986326478443  -0.0015763410459171123  0.0010130568618217063  0.0020730724181837056  -0.0028188537075663606  4.920352923477543E-4  -0.002747718908515124  6.801874087586448E-4  -0.006651039499616992  -0.004983982122134296  9.287064083166412E-4  0.0036062543484890693  0.0010410428104402655  0.0016836261854188859  -0.0011454582212609148  -0.001594728254828707  0.0017191529512036265  -0.001655894856319282  -8.212336963059426E-4  0.00326711913455905  -0.001625715641764904  -0.0035902789131072393  0.007225515852317701  -0.004266564503885504  0.0011125733016279294  -0.001502519219102645  0.003840679868786746  9.63539369235013E-4  0.004626676954157536  
-0.00972520515562147  1.1519363511628838E-4  0.003164944053773104  5.135164584391652E-4  5.454938322685924E-5  0.002526320038829937  8.856124559667419E-5  -0.004998808352456653  -0.0012596076433460252  -4.55509191189316E-4  0.0034997724176373144  -4.703610519509939E-4  -0.0029971209881038308  7.87711167133759E-4  0.00304292372765524  0.0025645919954585266  0.004350921475671751  0.004692801699755625  7.080159991869688E-4  -0.003169637402964015  0.007296986326478443  1.0  -0.005043463055856352  5.214511476489108E-4  -0.004822695894685115  0.00450699999210799  0.0011460016417533284  -0.003430319539414391  -0.0032084551282944122  0.0022483826677817133  3.387266505626253E-4  -0.0034523616761334397  0.0019496769744008493  0.0011607614176873692  -3.7374532992604176E-4  0.0025831388538383837  0.0019318312507612839  0.0019139445816387117  0.0015017981978997941  0.004100314685179734  6.85522116821241E-4  -2.913378158030991E-4  0.0019802959648374937  2.7107440596603775E-4  -9.436467804034819E-4  -0.003704884318570139  -0.011118478344133337  0.00548912291002005  5.47612362305928E-4  -0.00292083211918863  
0.002449414302092536  -0.0012602804870430267  -0.003427315884940322  0.007310771394638543  9.936841938805456E-4  0.0024105816720582764  -0.0010408281656148286  7.226089423213163E-4  5.461161629432767E-4  -0.00528368986602803  0.001562726379795536  -0.0054165474095491705  0.002067693717643009  0.0019135557274935473  -0.004448801532985448  -9.047099408954753E-4  -0.0012980930606883222  -0.001902729984952688  -0.01106390916576581  0.00234849197749472  -0.0015763410459171123  -0.005043463055856352  1.0  0.0016310021953963975  -5.905465276064315E-4  0.002097804631078438  -0.0038534156390714197  -0.004512947984507082  0.005427120600336647  -0.0016347658998027293  -3.0785913879199743E-4  -3.336617345235763E-4  3.976539550590965E-5  0.0012671695760939072  0.005550827389444926  -0.0038672510788067853  0.0012831775854517228  -0.003087064006139596  0.0012819979487033535  -0.0027695431897239876  -3.623483586953199E-4  5.758476879786035E-4  0.003640093933699571  -0.004896084859997703  -0.0037591552845391563  0.0012691143499166274  -0.0011231325728591722  -0.0014493780851752916  -0.0010779701003806247  -0.003743694221989251  
0.004843270435272087  -0.0022865029250002493  0.002296405021576736  1.3207391989337195E-4  0.004299304070274897  -0.0021088330505451367  0.002045455350402983  -0.0014318070313137149  0.0023351328327774275  -0.0028095952185919603  0.002053706482423855  -2.4338758731226864E-4  -5.266326943367256E-4  -0.002005240696716536  -0.005457307309277747  0.004685844498873028  -0.001162973404016924  1.429767786818299E-4  3.974096468691562E-4  -0.001696775378966853  0.0010130568618217063  5.214511476489108E-4  0.0016310021953963975  1.0  -0.004861345764898714  1.8869306121173035E-4  3.7360552589457837E-4  7.97096732111168E-4  -7.46098832798501E-4  0.0030566134238484127  -0.0037804753674531687  -3.7232883197177126E-4  -9.990360233735483E-4  -6.721583411030915E-4  -4.54644585640871E-4  -1.7971248150447437E-5  -0.002484130813145692  4.370431113223781E-4  0.00654082108614535  -0.0013436022236794454  0.0014929097438469837  -0.0025996188596107794  -0.0017860534197330876  8.522421590692549E-5  -0.002990246269177056  4.106440732683056E-4  -0.007656318710589416  0.00196711778574533  0.0024738384499967494  0.0034758798117846324  
-0.0026097812630963826  -7.959555614682234E-4  9.049834897056089E-4  0.0011450974594050456  -0.0023735329354021553  1.0713721253893281E-4  -3.6262220303184874E-5  -0.0025188296805656457  5.176197026507433E-5  -0.0013042765754399674  8.907819820769794E-4  -0.006491757158013319  0.0015970780271881845  4.7994137617423326E-4  -1.3781872505079374E-4  -0.006641899106653268  -0.0011184120734487367  -0.0026129388378164503  6.901897624301058E-4  0.006848554559538785  0.0020730724181837056  -0.004822695894685115  -5.905465276064315E-4  -0.004861345764898714  1.0  0.0039094305462540856  0.0028606172161996395  0.004933086744418084  0.002072924149023751  0.002840733155481248  -3.038086028990534E-4  -9.745616352426037E-4  2.0306240717214537E-4  0.004102252545541583  -0.0010507103704694664  6.024149126090558E-4  0.00348266219938155  0.001987522869930885  0.001779342534167651  -8.369854382902067E-4  5.603552014439463E-4  -7.34743522713939E-4  -0.0038820734866843163  2.0953335024949873E-4  -0.0035781122650334735  0.0017862689529122206  -0.004070297976113822  0.0010930838319155327  -0.0022017627441145255  0.002430559732447251  
0.001737491550475827  0.002491790122674185  -0.0038995076037481747  0.002241512093328814  0.0035138968262403117  -0.002177109637110387  -5.937465648791489E-4  -0.003994517746513694  -0.00281893043673011  0.0030866548900542316  0.0025314469914902143  -0.002227018290601239  -0.003560859278372242  -0.0060924996462407895  0.0028968358105744565  -0.0015432773872581425  -0.006150352663335065  0.003392836496951507  0.002285847409404491  0.006290753956015117  -0.0028188537075663606  0.00450699999210799  0.002097804631078438  1.8869306121173035E-4  0.0039094305462540856  1.0  0.003754430419394757  -5.060381781298925E-4  0.0034546293847353363  -0.006447839870172016  -9.629956989906137E-4  -0.0022762522597772794  0.0016580941311024873  0.0026034529002447356  0.003552339015062731  -9.406949966613838E-4  4.983137024099144E-4  -0.002929141953584212  0.0027606212221947895  0.004706654523143514  -0.005916091801794299  -0.0014887259991854763  0.0038680702464700565  -0.0035630147998359047  -0.0025070953805496213  8.224159331737025E-5  -0.0028172029873350128  -3.763001010427959E-4  8.096409365413016E-4  0.00414913019194247  
-0.0032737218038310493  -0.006919901306851058  0.004086894729187696  0.004734930676119126  -8.787794912726363E-4  -0.00566367102567224  9.855512849761105E-4  0.0026459936932482645  -8.351880560559616E-4  -0.005779095224888642  0.0018822113256378125  0.0034383295935736954  -0.0016987465522698404  -0.0077759155792081446  0.0021058548614337072  -2.663913456727859E-5  -0.003997865494291283  0.002686674421495337  0.004705458264006319  8.789071588729193E-4  4.920352923477543E-4  0.0011460016417533284  -0.0038534156390714197  3.7360552589457837E-4  0.0028606172161996395  0.003754430419394757  1.0  0.005951550394885344  2.5738853055702316E-5  0.004262391974859553  0.00873853070895383  -3.4100217016213484E-4  0.0032315319664160637  -8.470946972783205E-4  0.0021058638854195484  0.0036020596054397915  -0.0033484942538369394  0.005562062764183114  0.003452946685611143  -6.155489084001636E-4  0.0042616029670715806  -0.0016383267925655478  -1.6437278011799904E-4  8.738895718512874E-4  -0.005393574746320974  -0.0013679467926568062  -0.0010712168853372146  0.003711448559886526  0.0016753223024116655  -0.0023745653690782505  
0.0014653837756168062  0.001425513001747396  -0.002389096466404104  7.756190368254462E-4  -0.002179181794718664  0.002140039136006983  0.007048037751924361  -0.002118892832988663  -0.0028342356158018033  -0.004719340795275355  0.004298819636428563  -0.002102830713631585  0.0016834268564700017  0.0029481412551434424  9.56219892573067E-4  0.0031900705038304424  0.005193607803076752  -0.0048557375536204496  -0.0013058031438764996  -0.003277313527793939  -0.002747718908515124  -0.003430319539414391  -0.004512947984507082  7.97096732111168E-4  0.004933086744418084  -5.060381781298925E-4  0.005951550394885344  1.0  9.637081763600187E-4  0.0019015214127150602  -0.0030814362618030475  -4.962518147260316E-4  5.9110108314911105E-5  -0.0015100881804778216  0.005117489649778735  -0.0027529026383654267  0.0037891173424112624  8.291382425916863E-4  0.008042672418457965  -0.009147056523238956  0.004592963276609515  6.67772245694454E-4  0.002703062440074772  9.237370826442262E-4  0.0016330583345381977  -0.006039740268163172  -9.4763615211263E-4  0.004277120020267846  -0.004249105310002152  -9.997774026828863E-4  
-9.61937835410796E-4  0.004059200478610066  -0.0010378761202573584  -0.001679406527746973  -0.004842016314177532  -9.203974620616116E-4  -0.00297441386839002  0.003505193383930678  0.002341385206186648  -7.73133717584574E-4  0.002702977640588083  1.408560664750401E-4  0.00350545084473056  -0.0030086604734647876  0.004637699387865336  2.0201705080865882E-4  -0.004818052646798894  7.696087248096375E-4  -0.00729747956575273  -0.0022215520338877055  6.801874087586448E-4  -0.0032084551282944122  0.005427120600336647  -7.46098832798501E-4  0.002072924149023751  0.0034546293847353363  2.5738853055702316E-5  9.637081763600187E-4  1.0  0.002194282165091958  0.0019340691823916574  -8.736811969758746E-4  0.009030434757955097  0.002380976776003826  -7.087601942957883E-4  0.0027522816177900566  -0.005097072835370046  0.0036930306481477698  -1.9205579859738487E-4  -0.002565381375563614  0.0029429293892923986  0.0026672638491263595  -0.0027143944032004944  0.002161716070208933  1.897207287219973E-4  -2.219712564537577E-4  -9.068920558208139E-4  -0.0012411301017368531  0.0020681746119319993  -6.0784497231525E-4  
-0.0016840648786418874  -0.004193863176028526  0.0015058415622760343  0.0022353926696488634  -0.0015944265419096226  7.049419325049796E-4  -3.3629121228786E-4  4.032183449750875E-4  -9.518900933153088E-4  -2.577653179442514E-4  0.001640189536404361  0.0024909705565405605  0.0033102097315681834  -3.65565256360264E-4  -7.269126982493475E-4  -0.0033708305288290357  -0.002251968762096671  0.0022190017398134  -0.004998495558303209  0.003147175067205713  -0.006651039499616992  0.0022483826677817133  -0.0016347658998027293  0.0030566134238484127  0.002840733155481248  -0.006447839870172016  0.004262391974859553  0.0019015214127150602  0.002194282165091958  1.0  0.005232908544398613  -0.0012096011624330035  0.0036616937477626497  -0.0011608646914776596  0.004328928254881748  -0.0019450917131220032  4.4097365697192943E-4  -0.0025311343831295225  -0.003786864762256839  -0.001673152815863723  0.0018014625692314213  -4.935307574690562E-4  0.0023987525266670447  0.004930565938840219  -0.001367218466932701  -2.9610230470964957E-5  0.003803114072051701  0.0010987889529754916  -8.509005976288507E-4  7.621503453828657E-4  
-1.6748214770261343E-4  -8.032854689579155E-5  6.686722286568864E-4  9.912438642948004E-4  0.0014123287786773236  -0.0052382288574710015  -7.112883711082063E-4  3.2059383741935135E-4  -0.00506203505036624  0.002452660189696625  -0.00403229915019578  0.001616304618647697  -9.125976158573042E-4  9.622364576411248E-5  -0.00306131960114549  0.005547746663451136  -0.002621284508343961  0.0029114172289318252  0.0026848160884120507  0.001211501851800366  -0.004983982122134296  3.387266505626253E-4  -3.0785913879199743E-4  -0.0037804753674531687  -3.038086028990534E-4  -9.629956989906137E-4  0.00873853070895383  -0.0030814362618030475  0.0019340691823916574  0.005232908544398613  1.0  0.001890840688641415  0.0063822896218592865  -0.0030202742280001794  4.715988960527599E-4  -0.0041862458322802845  0.004812768456323508  -0.0017769224909499359  -0.0016743882095244422  0.004641457692189041  4.209783599012457E-5  9.277689854572653E-4  0.001217834381217467  0.004279428155828486  -0.0019496018298487956  0.002779900828557851  0.002194307969169564  0.0016198108927762186  -1.5022350657320025E-4  1.8166773486590933E-4  
-0.001049277475428551  0.005607296476147402  0.0017508996689251095  -0.005069413133095241  6.49071967524557E-4  5.246203158274155E-4  -0.0012538844506724523  0.0035723636472106525  -3.7957997488172104E-4  0.0019436184548773455  -9.410170526404611E-5  -0.0021249753055217965  7.087978897312229E-4  -0.001127786073433967  0.0017168612936521244  0.0025057558427147523  0.007742299242858825  -0.0033604637733418066  0.0014690442082646716  -0.0035838463081278543  9.287064083166412E-4  -0.0034523616761334397  -3.336617345235763E-4  -3.7232883197177126E-4  -9.745616352426037E-4  -0.0022762522597772794  -3.4100217016213484E-4  -4.962518147260316E-4  -8.736811969758746E-4  -0.0012096011624330035  0.001890840688641415  1.0  0.005209786694850104  -4.127722973333224E-4  3.949613809932093E-6  -0.004082652996705905  -0.0013941271585579593  -9.977900926151264E-4  0.0022259703742550253  -0.0010220515093014241  0.005018286259699903  -0.002569563514085192  8.855070531887187E-5  -2.595015182888859E-4  -0.0016444730772283316  0.003374232056271002  -9.94401466901234E-4  -0.001821458176086976  0.004211376692462355  -0.00163197792298515  
-0.00707614697100035  0.0016224606219597823  0.003353807287472679  -0.00509227147998054  -0.001220980344572756  -8.907855049751842E-4  0.006473499321759231  0.001353082057736123  0.001614237156871941  0.0017525499504111406  0.003133599061567285  -0.0011883801374826344  0.0022692047942531103  0.0018464107634696626  0.006466237867653334  -4.5620342627086347E-4  9.430397215485554E-4  -0.004215971230396762  6.493484565802942E-4  -4.428904185483266E-4  0.0036062543484890693  0.0019496769744008493  3.976539550590965E-5  -9.990360233735483E-4  2.0306240717214537E-4  0.0016580941311024873  0.0032315319664160637  5.9110108314911105E-5  0.009030434757955097  0.0036616937477626497  0.0063822896218592865  0.005209786694850104  1.0  -8.397900403648465E-4  5.522533070270878E-4  0.006838196639477346  0.00340309331675808  -6.201684451519392E-4  0.0019312936701962207  -0.0015917048098733058  -5.478971545209176E-4  0.0011719648369757287  3.62704726476141E-4  -0.003742097694486805  0.0012450064546780353  -0.0033573020943328826  0.0024208119335502355  0.0015276038568123526  -0.0010379321145314482  9.219941643431647E-4  
3.806916451964029E-4  -0.0027110643886393182  0.00288599813229856  -0.0036780454716269745  -0.0023267737998932604  0.0030847603162729572  -3.480353201413569E-4  -0.0026743964706593716  2.5706060121094294E-4  0.0023784455294666384  0.0024654126113870557  -0.001054600561332734  -5.130352440497532E-4  4.2879559929681946E-4  -0.0033493438048558836  0.001935674632938995  -0.002672845672159405  -0.0019023188551232184  0.012463869743514835  0.0010825042207030953  0.0010410428104402655  0.0011607614176873692  0.0012671695760939072  -6.721583411030915E-4  0.004102252545541583  0.0026034529002447356  -8.470946972783205E-4  -0.0015100881804778216  0.002380976776003826  -0.0011608646914776596  -0.0030202742280001794  -4.127722973333224E-4  -8.397900403648465E-4  1.0  0.003767692954330796  6.928798514750684E-5  -0.001546219245397273  -0.0024042642466838753  -0.0022653386755944697  -0.006173692580482421  0.0028836977090543636  0.001011995391905065  9.033860536518492E-4  -0.0033012189334892476  -0.005955925049023389  -0.0012903680866332623  0.002264688429949652  -0.006330577224325241  0.003811796433992781  0.0034569353078118003  
-0.004999711813409663  -0.006834095688255983  0.0027564864057036086  -3.3828819903924576E-4  0.006660603514102299  -0.004472836208876946  -4.5119917743329126E-4  -0.007871775036117577  -4.0349421875778994E-4  0.002679117262229343  0.004197258540787317  -0.0012934848229426389  0.003463155703686077  0.005507986967298861  7.775709344041714E-4  -0.004107174312635523  -3.273880227105939E-4  -0.00627400694750667  -0.006225183664697082  0.0017709264704477323  0.0016836261854188859  -3.7374532992604176E-4  0.005550827389444926  -4.54644585640871E-4  -0.0010507103704694664  0.003552339015062731  0.0021058638854195484  0.005117489649778735  -7.087601942957883E-4  0.004328928254881748  4.715988960527599E-4  3.949613809932093E-6  5.522533070270878E-4  0.003767692954330796  1.0  -0.002153837976804837  0.001432326934991658  -0.004297295114678507  0.0015973862822998412  3.781735103736374E-4  0.004604302012157694  0.008235846040691152  -0.005275826531568966  0.004361068769961709  -1.9559031893599718E-4  0.0021530091690257405  -0.0012698534742062446  -0.003977239695048467  0.0011677806245199399  -0.0017988492260458309  
